0 0.08631770833333333 0.3526574074074074 0.13857291666666666 0.2517870370370371
0 0.2644114583333333 0.34153703703703703 0.11731249999999997 0.21473148148148144
0 0.44076041666666665 0.34586111111111106 0.12593749999999998 0.22337962962962962
0 0.5955833333333334 0.3524259259259259 0.13810416666666664 0.24668518518518526
0 0.7528229166666667 0.3541666666666667 0.12999479166666675 0.23855555555555555
0 0.9107552083333333 0.35474074074074075 0.14026041666666675 0.25132407407407414
0 0.9204427083333333 0.6987037037037037 0.10086458333333326 0.18003703703703708
0 0.6345729166666667 0.6995 0.1247864583333334 0.22341666666666662
0 0.492296875 0.6983425925925927 0.1261197916666667 0.22573148148148145
0 0.350921875 0.6979537037037037 0.12546875000000005 0.224962962962963
0 0.20835416666666667 0.6987222222222222 0.12764583333333335 0.22650925925925916